0 0.44918444165621074 0.21831869510664992 0.178168130489335 0.1329987452948557
0 0.2910915934755332 0.40150564617314927 0.19824341279799246 0.21329987452948557
0 0.5539523212045169 0.3456712672521957 0.1041405269761606 0.13927227101631115
0 0.6279799247176913 0.48180677540777916 0.1342534504391468 0.08281053952321205
0 0.8099121706398995 0.8588456712672521 0.09159347553324967 0.07151819322459221
0 0.1110414052697616 0.08030112923462986 0.21455457967377664 0.15056461731493098
1 0.11355081555834379 0.6549560853199498 0.21204516938519447 0.4742785445420326
1 0.33375156838143033 0.7490589711417817 0.2082810539523212 0.2910915934755332
1 0.5589711417816813 0.7327478042659974 0.11919698870765369 0.3237139272271016
1 0.644918444165621 0.7823086574654956 0.13048933500627352 0.21706398996235882
2 0.1317440401505646 0.2772898368883312 0.11041405269761605 0.1656210790464241
2 0.3444165621079046 0.5319949811794228 0.0890840652446675 0.12045169385194479
2 0.48619824341279794 0.390840652446675 0.07653701380175658 0.11166875784190715
2 0.5533249686323714 0.4956085319949811 0.06524466750313676 0.09535759096612295
2 0.6417816813048933 0.6116687578419071 0.0589711417816813 0.10664993726474278
