1 0.6814285714285714 0.4735714285714286 0.09714285714285714 0.23
1 0.7842857142857143 0.5042857142857143 0.09428571428571429 0.18285714285714286
0 0.08571428571428572 0.3692857142857143 0.045714285714285714 0.047142857142857146
0 0.16142857142857142 0.36642857142857144 0.04 0.03
0 0.2357142857142857 0.355 0.04 0.07857142857142857
0 0.30142857142857143 0.34785714285714286 0.03428571428571429 0.03857142857142857
0 0.3842857142857143 0.20285714285714285 0.09714285714285714 0.15714285714285714
0 0.47785714285714287 0.35214285714285715 0.024285714285714285 0.03
0 0.5278571428571428 0.32357142857142857 0.041428571428571426 0.047142857142857146
0 0.5992857142857143 0.34285714285714286 0.032857142857142856 0.037142857142857144
0 0.6735714285714286 0.31142857142857144 0.041428571428571426 0.05142857142857143
0 0.7807142857142857 0.34 0.047142857142857146 0.04
0 0.9164285714285715 0.3914285714285714 0.05 0.04285714285714286
3 0.09357142857142857 0.8342857142857143 0.08428571428571428 0.06
3 0.21428571428571427 0.8785714285714286 0.12571428571428572 0.05142857142857143
3 0.54 0.8535714285714285 0.08 0.09571428571428571
3 0.7628571428571429 0.8671428571428571 0.10857142857142857 0.05142857142857143
3 0.9564285714285714 0.8664285714285714 0.08428571428571428 0.07571428571428572
3 0.71 0.8471428571428572 0.09714285714285714 0.04857142857142857
