3 0.13790322580645162 0.8798387096774194 0.11129032258064517 0.09193548387096774
3 0.2854838709677419 0.867741935483871 0.1 0.0967741935483871
0 0.12338709677419354 0.08387096774193549 0.0532258064516129 0.0935483870967742
0 0.2879032258064516 0.13951612903225807 0.07903225806451612 0.09838709677419355
0 0.3935483870967742 0.14919354838709678 0.06129032258064516 0.10161290322580645
0 0.6048387096774194 0.1282258064516129 0.07419354838709677 0.09838709677419355
0 0.7645161290322581 0.15161290322580645 0.06774193548387097 0.11935483870967742
0 0.9475806451612904 0.15806451612903225 0.056451612903225805 0.0967741935483871
1 0.10483870967741936 0.3419354838709677 0.12580645161290321 0.3258064516129032
1 0.2701612903225806 0.40483870967741936 0.09838709677419355 0.38064516129032255
1 0.4088709677419355 0.38548387096774195 0.1338709677419355 0.33225806451612905
1 0.5919354838709677 0.3758064516129032 0.14193548387096774 0.33548387096774196
1 0.7653225806451613 0.3943548387096774 0.1338709677419355 0.3209677419354839
1 0.9370967741935484 0.3967741935483871 0.10967741935483871 0.3258064516129032
