0 0.3385714285714286 0.16357142857142856 0.05142857142857143 0.05
0 0.5478571428571428 0.10214285714285715 0.07285714285714286 0.07285714285714286
0 0.6685714285714286 0.04357142857142857 0.054285714285714284 0.05857142857142857
0 0.9107142857142857 0.16714285714285715 0.05 0.05714285714285714
0 0.8678571428571429 0.15785714285714286 0.04428571428571428 0.04428571428571428
0 0.6992857142857143 0.29714285714285715 0.06428571428571428 0.08571428571428572
0 0.6514285714285715 0.18428571428571427 0.054285714285714284 0.05714285714285714
1 0.31357142857142856 0.32142857142857145 0.14142857142857143 0.22857142857142856
1 0.5335714285714286 0.2807142857142857 0.11285714285714285 0.23
1 0.6292857142857143 0.3392857142857143 0.09571428571428571 0.2642857142857143
1 0.6942857142857143 0.46285714285714286 0.11714285714285715 0.2057142857142857
1 0.9214285714285714 0.3557142857142857 0.07428571428571429 0.21714285714285714
1 0.86 0.3335714285714286 0.05714285714285714 0.19857142857142857
3 0.3028571428571429 0.6492857142857142 0.08285714285714285 0.14714285714285713
3 0.5235714285714286 0.6064285714285714 0.11571428571428571 0.13285714285714287
3 0.6057142857142858 0.7114285714285714 0.07428571428571429 0.18
3 0.6928571428571428 0.9092857142857143 0.10285714285714286 0.05857142857142857
